# unix_time, cycles_done, cur_path, paths_total, pending_total, pending_favs, map_size, unique_crashes, unique_hangs, max_depth, execs_per_sec
1640631826, 0, 0, 1, 1, 1, 0.01%, 0, 0, 1, 57.55
1640631831, 69, 0, 1, 0, 0, 0.01%, 1, 0, 1, 3830.05
1640631836, 141, 0, 1, 0, 0, 0.01%, 1, 0, 1, 3564.40
1640631841, 209, 0, 1, 0, 0, 0.01%, 1, 0, 1, 3593.33
1640631846, 283, 0, 1, 0, 0, 0.01%, 1, 0, 1, 3636.43
1640631851, 355, 0, 1, 0, 0, 0.01%, 1, 0, 1, 3731.94
1640631856, 429, 0, 1, 0, 0, 0.01%, 1, 0, 1, 3770.49
1640631861, 499, 0, 1, 0, 0, 0.01%, 1, 0, 1, 3566.91
1640631866, 571, 0, 1, 0, 0, 0.01%, 1, 0, 1, 3691.28
1640631871, 649, 0, 1, 0, 0, 0.01%, 1, 0, 1, 3901.86
1640631876, 728, 0, 1, 0, 0, 0.01%, 1, 0, 1, 3908.87
1640631882, 807, 0, 1, 0, 0, 0.01%, 1, 0, 1, 3955.09
1640631887, 885, 0, 1, 0, 0, 0.01%, 1, 0, 1, 3938.94
1640631892, 958, 0, 1, 0, 0, 0.01%, 1, 0, 1, 3690.28
1640631897, 1030, 0, 1, 0, 0, 0.01%, 1, 0, 1, 3671.43
1640631902, 1107, 0, 1, 0, 0, 0.01%, 1, 0, 1, 3880.46
1640631907, 1187, 0, 1, 0, 0, 0.01%, 1, 0, 1, 3950.95
1640631912, 1261, 0, 1, 0, 0, 0.01%, 1, 0, 1, 3776.93
1640631917, 1336, 0, 1, 0, 0, 0.01%, 1, 0, 1, 3782.58
1640631922, 1410, 0, 1, 0, 0, 0.01%, 1, 0, 1, 3851.25
1640631927, 1481, 0, 1, 0, 0, 0.01%, 1, 0, 1, 3689.71
1640631932, 1552, 0, 1, 0, 0, 0.01%, 1, 0, 1, 3599.60
1640631937, 1629, 0, 1, 0, 0, 0.01%, 1, 0, 1, 3807.11
1640631942, 1701, 0, 1, 0, 0, 0.01%, 1, 0, 1, 3637.43
1640631947, 1774, 0, 1, 0, 0, 0.01%, 1, 0, 1, 3706.13
1640631952, 1844, 0, 1, 0, 0, 0.01%, 1, 0, 1, 3638.44
1640631957, 1914, 0, 1, 0, 0, 0.01%, 1, 0, 1, 3633.76
1640631962, 1987, 0, 1, 0, 0, 0.01%, 1, 0, 1, 3680.94
1640631967, 2059, 0, 1, 0, 0, 0.01%, 1, 0, 1, 3623.70
1640631972, 2134, 0, 1, 0, 0, 0.01%, 1, 0, 1, 3687.77
1640631977, 2208, 0, 1, 0, 0, 0.01%, 1, 0, 1, 3765.85
1640631982, 2285, 0, 1, 0, 0, 0.01%, 1, 0, 1, 3917.37
1640631988, 2362, 0, 1, 0, 0, 0.01%, 1, 0, 1, 3860.04
1640631993, 2438, 0, 1, 0, 0, 0.01%, 1, 0, 1, 3879.87
1640631998, 2513, 0, 1, 0, 0, 0.01%, 1, 0, 1, 3863.24
1640632003, 2591, 0, 1, 0, 0, 0.01%, 1, 0, 1, 3844.38
1640632008, 2662, 0, 1, 0, 0, 0.01%, 1, 0, 1, 3706.75
1640632013, 2738, 0, 1, 0, 0, 0.01%, 1, 0, 1, 3804.63
1640632018, 2812, 0, 1, 0, 0, 0.01%, 1, 0, 1, 3757.05
1640632023, 2888, 0, 1, 0, 0, 0.01%, 1, 0, 1, 3765.84
1640632028, 2961, 0, 1, 0, 0, 0.01%, 1, 0, 1, 3741.40
1640632033, 3037, 0, 1, 0, 0, 0.01%, 1, 0, 1, 3831.73
1640632038, 3116, 0, 1, 0, 0, 0.01%, 1, 0, 1, 3942.27
1640632043, 3193, 0, 1, 0, 0, 0.01%, 1, 0, 1, 3941.94
1640632048, 3271, 0, 1, 0, 0, 0.01%, 1, 0, 1, 3942.18
1640632053, 3344, 0, 1, 0, 0, 0.01%, 1, 0, 1, 3721.31
1640632058, 3417, 0, 1, 0, 0, 0.01%, 1, 0, 1, 3599.39
1640632063, 3488, 0, 1, 0, 0, 0.01%, 1, 0, 1, 3533.29
1640632069, 3563, 0, 1, 0, 0, 0.01%, 1, 0, 1, 3817.51
1640632074, 3637, 0, 1, 0, 0, 0.01%, 1, 0, 1, 3701.75
1640632079, 3713, 0, 1, 0, 0, 0.01%, 1, 0, 1, 3721.64
1640632084, 3788, 0, 1, 0, 0, 0.01%, 1, 0, 1, 3831.28
1640632089, 3859, 0, 1, 0, 0, 0.01%, 1, 0, 1, 3672.20
1640632094, 3924, 0, 1, 0, 0, 0.01%, 1, 0, 1, 3470.66
1640632099, 3999, 0, 1, 0, 0, 0.01%, 1, 0, 1, 3775.02
1640632104, 4077, 0, 1, 0, 0, 0.01%, 1, 0, 1, 3932.13
1640632109, 4153, 0, 1, 0, 0, 0.01%, 1, 0, 1, 3886.73
1640632114, 4228, 0, 1, 0, 0, 0.01%, 1, 0, 1, 3787.54
1640632119, 4301, 0, 1, 0, 0, 0.01%, 1, 0, 1, 3682.54
1640632124, 4377, 0, 1, 0, 0, 0.01%, 1, 0, 1, 3748.57
1640632130, 4452, 0, 1, 0, 0, 0.01%, 1, 0, 1, 3719.95
1640632135, 4529, 0, 1, 0, 0, 0.01%, 1, 0, 1, 3838.79
1640632140, 4606, 0, 1, 0, 0, 0.01%, 1, 0, 1, 3925.55
1640632145, 4683, 0, 1, 0, 0, 0.01%, 1, 0, 1, 3919.24
1640632150, 4756, 0, 1, 0, 0, 0.01%, 1, 0, 1, 3752.15
1640632155, 4834, 0, 1, 0, 0, 0.01%, 1, 0, 1, 3920.09
1640632160, 4914, 0, 1, 0, 0, 0.01%, 1, 0, 1, 3954.94
1640632165, 4992, 0, 1, 0, 0, 0.01%, 1, 0, 1, 3937.10
1640632170, 5070, 0, 1, 0, 0, 0.01%, 1, 0, 1, 3942.64
1640632175, 5149, 0, 1, 0, 0, 0.01%, 1, 0, 1, 3962.10
1640632180, 5227, 0, 1, 0, 0, 0.01%, 1, 0, 1, 3936.89
1640632185, 5303, 0, 1, 0, 0, 0.01%, 1, 0, 1, 3826.20
1640632191, 5369, 0, 1, 0, 0, 0.01%, 1, 0, 1, 3409.58
1640632196, 5441, 0, 1, 0, 0, 0.01%, 1, 0, 1, 3657.19
1640632201, 5514, 0, 1, 0, 0, 0.01%, 1, 0, 1, 3565.90
1640632206, 5590, 0, 1, 0, 0, 0.01%, 1, 0, 1, 3826.03
1640632211, 5667, 0, 1, 0, 0, 0.01%, 1, 0, 1, 3866.26
1640632216, 5745, 0, 1, 0, 0, 0.01%, 1, 0, 1, 3910.51
1640632221, 5823, 0, 1, 0, 0, 0.01%, 1, 0, 1, 3925.18
1640632226, 5901, 0, 1, 0, 0, 0.01%, 1, 0, 1, 3916.29
1640632231, 5978, 0, 1, 0, 0, 0.01%, 1, 0, 1, 3928.37
1640632236, 6056, 0, 1, 0, 0, 0.01%, 1, 0, 1, 3876.99
1640632241, 6133, 0, 1, 0, 0, 0.01%, 1, 0, 1, 3849.80
1640632246, 6212, 0, 1, 0, 0, 0.01%, 1, 0, 1, 3954.61
1640632252, 6289, 0, 1, 0, 0, 0.01%, 1, 0, 1, 3849.58
1640632257, 6361, 0, 1, 0, 0, 0.01%, 1, 0, 1, 3729.20
1640632262, 6439, 0, 1, 0, 0, 0.01%, 1, 0, 1, 3896.07
1640632267, 6519, 0, 1, 0, 0, 0.01%, 1, 0, 1, 3953.40
1640632272, 6596, 0, 1, 0, 0, 0.01%, 1, 0, 1, 3916.79
1640632277, 6676, 0, 1, 0, 0, 0.01%, 1, 0, 1, 3957.12
1640632282, 6754, 0, 1, 0, 0, 0.01%, 1, 0, 1, 3971.64
1640632287, 6832, 0, 1, 0, 0, 0.01%, 1, 0, 1, 3926.09
1640632292, 6910, 0, 1, 0, 0, 0.01%, 1, 0, 1, 3941.61
1640632297, 6989, 0, 1, 0, 0, 0.01%, 1, 0, 1, 3961.45
1640632302, 7067, 0, 1, 0, 0, 0.01%, 1, 0, 1, 3941.39
1640632307, 7144, 0, 1, 0, 0, 0.01%, 1, 0, 1, 3915.41
1640632313, 7223, 0, 1, 0, 0, 0.01%, 1, 0, 1, 3927.78
1640632318, 7299, 0, 1, 0, 0, 0.01%, 1, 0, 1, 3884.20
1640632323, 7376, 0, 1, 0, 0, 0.01%, 1, 0, 1, 3880.17
1640632328, 7454, 0, 1, 0, 0, 0.01%, 1, 0, 1, 3927.21
1640632333, 7533, 0, 1, 0, 0, 0.01%, 1, 0, 1, 3934.58
1640632338, 7612, 0, 1, 0, 0, 0.01%, 1, 0, 1, 3952.02
1640632343, 7691, 0, 1, 0, 0, 0.01%, 1, 0, 1, 3956.22
1640632348, 7769, 0, 1, 0, 0, 0.01%, 1, 0, 1, 3950.59
1640632353, 7846, 0, 1, 0, 0, 0.01%, 1, 0, 1, 3899.01
1640632358, 7924, 0, 1, 0, 0, 0.01%, 1, 0, 1, 3903.84
1640632363, 8002, 0, 1, 0, 0, 0.01%, 1, 0, 1, 3929.18
1640632368, 8079, 0, 1, 0, 0, 0.01%, 1, 0, 1, 3866.40
1640632373, 8156, 0, 1, 0, 0, 0.01%, 1, 0, 1, 3894.24
1640632379, 8236, 0, 1, 0, 0, 0.01%, 1, 0, 1, 3960.72
1640632384, 8316, 0, 1, 0, 0, 0.01%, 1, 0, 1, 4004.00
1640632389, 8395, 0, 1, 0, 0, 0.01%, 1, 0, 1, 4004.76
1640632394, 8473, 0, 1, 0, 0, 0.01%, 1, 0, 1, 3954.11
1640632399, 8549, 0, 1, 0, 0, 0.01%, 1, 0, 1, 3858.30
1640632404, 8622, 0, 1, 0, 0, 0.01%, 1, 0, 1, 3704.94
1640632409, 8701, 0, 1, 0, 0, 0.01%, 1, 0, 1, 3835.10
1640632414, 8772, 0, 1, 0, 0, 0.01%, 1, 0, 1, 3707.05
1640632419, 8844, 0, 1, 0, 0, 0.01%, 1, 0, 1, 3663.77
1640632424, 8920, 0, 1, 0, 0, 0.01%, 1, 0, 1, 3770.32
1640632429, 8998, 0, 1, 0, 0, 0.01%, 2, 0, 1, 3885.68
1640632434, 9076, 0, 1, 0, 0, 0.01%, 2, 0, 1, 3916.03
1640632439, 9153, 0, 1, 0, 0, 0.01%, 2, 0, 1, 3894.85
1640632444, 9229, 0, 1, 0, 0, 0.01%, 2, 0, 1, 3881.91
1640632449, 9307, 0, 1, 0, 0, 0.01%, 2, 0, 1, 3906.22
1640632455, 9382, 0, 1, 0, 0, 0.01%, 2, 0, 1, 3799.29
1640632460, 9454, 0, 1, 0, 0, 0.01%, 2, 0, 1, 3683.64
1640632465, 9527, 0, 1, 0, 0, 0.01%, 2, 0, 1, 3686.17
1640632470, 9599, 0, 1, 0, 0, 0.01%, 2, 0, 1, 3673.41
1640632475, 9674, 0, 1, 0, 0, 0.01%, 2, 0, 1, 3675.27
1640632480, 9747, 0, 1, 0, 0, 0.01%, 2, 0, 1, 3768.81
1640632485, 9825, 0, 1, 0, 0, 0.01%, 2, 0, 1, 3824.86
1640632490, 9902, 0, 1, 0, 0, 0.01%, 2, 0, 1, 3855.07
1640632495, 9975, 0, 1, 0, 0, 0.01%, 2, 0, 1, 3762.55
1640632500, 10050, 0, 1, 0, 0, 0.01%, 2, 0, 1, 3712.36
1640632505, 10125, 0, 1, 0, 0, 0.01%, 2, 0, 1, 3771.21
1640632510, 10196, 0, 1, 0, 0, 0.01%, 2, 0, 1, 3667.41
1640632516, 10273, 0, 1, 0, 0, 0.01%, 2, 0, 1, 3785.81
1640632521, 10348, 0, 1, 0, 0, 0.01%, 2, 0, 1, 3845.50
1640632526, 10426, 0, 1, 0, 0, 0.01%, 2, 0, 1, 3847.52
1640632531, 10502, 0, 1, 0, 0, 0.01%, 2, 0, 1, 3836.66
1640632536, 10577, 0, 1, 0, 0, 0.01%, 2, 0, 1, 3785.16
1640632541, 10652, 0, 1, 0, 0, 0.01%, 2, 0, 1, 3747.61
1640632546, 10726, 0, 1, 0, 0, 0.01%, 2, 0, 1, 3679.03
1640632551, 10805, 0, 1, 0, 0, 0.01%, 2, 0, 1, 3794.74
1640632557, 10875, 0, 1, 0, 0, 0.01%, 2, 0, 1, 3569.96
1640632562, 10946, 0, 1, 0, 0, 0.01%, 2, 0, 1, 3558.20
1640632567, 11016, 0, 1, 0, 0, 0.01%, 2, 0, 1, 3601.69
1640632572, 11087, 0, 1, 0, 0, 0.01%, 2, 0, 1, 3607.59
1640632577, 11163, 0, 1, 0, 0, 0.01%, 2, 0, 1, 3722.02
1640632582, 11232, 0, 1, 0, 0, 0.01%, 2, 0, 1, 3550.80
1640632587, 11306, 0, 1, 0, 0, 0.01%, 2, 0, 1, 3612.12
1640632592, 11378, 0, 1, 0, 0, 0.01%, 2, 0, 1, 3573.89
1640632597, 11447, 0, 1, 0, 0, 0.01%, 2, 0, 1, 3617.40
1640632602, 11519, 0, 1, 0, 0, 0.01%, 2, 0, 1, 3629.25
1640632607, 11591, 0, 1, 0, 0, 0.01%, 2, 0, 1, 3646.35
1640632612, 11662, 0, 1, 0, 0, 0.01%, 2, 0, 1, 3591.14
1640632618, 11730, 0, 1, 0, 0, 0.01%, 2, 0, 1, 3364.23
1640632623, 11780, 0, 1, 0, 0, 0.01%, 2, 0, 1, 2522.83
1640632628, 11854, 0, 1, 0, 0, 0.01%, 2, 0, 1, 3457.29
1640632633, 11926, 0, 1, 0, 0, 0.01%, 2, 0, 1, 3559.03
1640632638, 11999, 0, 1, 0, 0, 0.01%, 2, 0, 1, 3637.05
1640632643, 12069, 0, 1, 0, 0, 0.01%, 2, 0, 1, 3491.67
1640632648, 12142, 0, 1, 0, 0, 0.01%, 2, 0, 1, 3669.36
1640632653, 12217, 0, 1, 0, 0, 0.01%, 2, 0, 1, 3815.21
1640632658, 12291, 0, 1, 0, 0, 0.01%, 2, 0, 1, 3822.91
1640632663, 12368, 0, 1, 0, 0, 0.01%, 2, 0, 1, 3873.67
1640632668, 12445, 0, 1, 0, 0, 0.01%, 2, 0, 1, 3898.52
1640632673, 12522, 0, 1, 0, 0, 0.01%, 2, 0, 1, 3939.20
1640632678, 12601, 0, 1, 0, 0, 0.01%, 2, 0, 1, 3974.10
1640632684, 12680, 0, 1, 0, 0, 0.01%, 2, 0, 1, 3953.99
1640632689, 12756, 0, 1, 0, 0, 0.01%, 2, 0, 1, 3886.15
1640632694, 12833, 0, 1, 0, 0, 0.01%, 2, 0, 1, 3819.35
1640632699, 12897, 0, 1, 0, 0, 0.01%, 2, 0, 1, 3311.39
1640632704, 12969, 0, 1, 0, 0, 0.01%, 2, 0, 1, 3572.57
1640632709, 13038, 0, 1, 0, 0, 0.01%, 2, 0, 1, 3556.69
1640632714, 13113, 0, 1, 0, 0, 0.01%, 2, 0, 1, 3793.59
1640632719, 13190, 0, 1, 0, 0, 0.01%, 2, 0, 1, 3910.85
1640632724, 13267, 0, 1, 0, 0, 0.01%, 2, 0, 1, 3897.34
1640632729, 13345, 0, 1, 0, 0, 0.01%, 2, 0, 1, 3943.60
1640632734, 13421, 0, 1, 0, 0, 0.01%, 2, 0, 1, 3790.89
1640632739, 13494, 0, 1, 0, 0, 0.01%, 2, 0, 1, 3684.84
1640632745, 13572, 0, 1, 0, 0, 0.01%, 2, 0, 1, 3774.05
1640632750, 13648, 0, 1, 0, 0, 0.01%, 2, 0, 1, 3778.08
1640632755, 13725, 0, 1, 0, 0, 0.01%, 2, 0, 1, 3769.74
1640632760, 13802, 0, 1, 0, 0, 0.01%, 2, 0, 1, 3789.56
1640632765, 13877, 0, 1, 0, 0, 0.01%, 2, 0, 1, 3708.22
1640632770, 13949, 0, 1, 0, 0, 0.01%, 2, 0, 1, 3728.72
1640632775, 14026, 0, 1, 0, 0, 0.01%, 2, 0, 1, 3857.80
1640632780, 14099, 0, 1, 0, 0, 0.01%, 2, 0, 1, 3766.95
1640632785, 14175, 0, 1, 0, 0, 0.01%, 2, 0, 1, 3770.68
1640632790, 14247, 0, 1, 0, 0, 0.01%, 2, 0, 1, 3752.31
1640632796, 14322, 0, 1, 0, 0, 0.01%, 2, 0, 1, 3754.32
1640632801, 14395, 0, 1, 0, 0, 0.01%, 2, 0, 1, 3730.06
1640632806, 14470, 0, 1, 0, 0, 0.01%, 2, 0, 1, 3817.10
